172736513 35.2932479 -80.740049
729715371 35.3109525 -80.7414507
172736519 35.293461 -80.7404012
172736522 35.2943036 -80.7415884
5583420759 35.307493 -80.7466713
172736525 35.2948209 -80.7422313
5843824962 35.3025556 -80.753529
172736529 35.2949925 -80.7424385
172736536 35.2955496 -80.7430386
172736542 35.2960562 -80.7435478
5583420763 35.3075576 -80.7459886
5583420742 35.3022736 -80.7491443
172134437 35.297319 -80.74234
172134439 35.2974478 -80.7425647
172134441 35.2975048 -80.7427013
172736555 35.2967957 -80.7441801
172134444 35.2975544 -80.742844
172736558 35.297037 -80.7443813
172134447 35.2976485 -80.7431841
172736560 35.297369 -80.7446215
172134450 35.2977823 -80.7437215
172736563 35.2977979 -80.7449195
172134452 35.2978592 -80.7439492
172134454 35.2979509 -80.744186
172736567 35.2980925 -80.7451061
172134456 35.2980202 -80.7443257
172736570 35.2983895 -80.7452671
172134460 35.2981095 -80.7444745
172736573 35.2987438 -80.7454602
172134462 35.2982086 -80.7446354
172134465 35.2983498 -80.7448024
172134468 35.2985357 -80.7449785
2147643716 35.3059822 -80.7501857
172134471 35.2987042 -80.7451091
4565612429 35.3012098 -80.7367371
172134474 35.2988727 -80.7452123
172736588 35.3033146 -80.7477629
172736591 35.3047624 -80.7488665
5727996234 35.3028148 -80.7382219
1710227543 35.2964229 -80.7550632
1710227545 35.2964711 -80.7435535
172359775 35.29873 -80.726331
5583420744 35.3022872 -80.7490598
6052092344 35.3016517 -80.7313566
4565612430 35.3013236 -80.7367013
1710227572 35.2964741 -80.7436575
5583420745 35.3022467 -80.7490738
6052092345 35.302077 -80.7319011
4565612431 35.3021259 -80.7366714
3702888470 35.3080064 -80.7210866
1710227591 35.2968784 -80.7439971
3702888471 35.3079194 -80.7211906
5377253517 35.2952757 -80.754836
5377253518 35.2954952 -80.7549164
5377253519 35.2955593 -80.7553491
3702888472 35.3078242 -80.7213505
3702888473 35.3075984 -80.7216676
4565612432 35.3022057 -80.7365644
3702888475 35.3073914 -80.721896
172368047 35.3199426 -80.7521236
172368048 35.3194294 -80.7525883
2147643744 35.3076002 -80.7476154
3799202627 35.3123911 -80.7484421
172657353 35.2950283 -80.7535834
4565612433 35.3022145 -80.7363194
482714315 35.307504 -80.7468537
4565612434 35.3023059 -80.7367275
5189402850 35.3005064 -80.7533404
1710227686 35.2971078 -80.754841
5189402855 35.3033345 -80.7513982
1710227495 35.296141 -80.7433362
3643273453 35.3121622 -80.7516987
3643273454 35.3122262 -80.7532203
1710227695 35.2972853 -80.744318
3643273456 35.31223 -80.7517012
3643273457 35.3122934 -80.7544516
3643273458 35.3123325 -80.7532412
3643273459 35.3123993 -80.7544443
5189402869 35.3078675 -80.7481957
5189402870 35.3079396 -80.7481246
5189402874 35.3101858 -80.7458325
5189402875 35.3102558 -80.7457611
4565612435 35.30242 -80.7368089
5933125889 35.319344 -80.7362812
5933125890 35.3193703 -80.7360503
5189402883 35.3126753 -80.7432104
5189402884 35.312745 -80.7431355
172263260 35.305289 -80.723789
1710227725 35.2976972 -80.7446046
5189366030 35.3014246 -80.7529154
5189366031 35.3042754 -80.7509436
5189366032 35.3050999 -80.7504021
5189366033 35.3087886 -80.7469769
5189366034 35.3096767 -80.7466064
5189366035 35.3079309 -80.7478722
5189366036 35.3119751 -80.7441864
5189366037 35.3143072 -80.7412407
5377253423 35.2951894 -80.7550005
1710227741 35.2980405 -80.7448289
5423857712 35.3121097 -80.7202982
5616812322 35.3178456 -80.7276276
5616812323 35.3172172 -80.7265419
5616812326 35.3205579 -80.7324853
5616812327 35.3182615 -80.728392
5583420760 35.3075937 -80.7464111
5616812332 35.3190887 -80.7299396
5616812335 35.3201633 -80.7318011
5616812336 35.3194433 -80.7308409
729710897 35.3126319 -80.7408029
1710227762 35.2984626 -80.7450813
1710227764 35.2986074 -80.7543561
5616812341 35.3188186 -80.7294042
5616812343 35.3182024 -80.7285664
5616812344 35.3198066 -80.731211
1710227770 35.2990414 -80.7541974
1710227772 35.2991601 -80.7453702
1710227774 35.2993326 -80.745498
1710227776 35.2993944 -80.7540495
5616812354 35.3160332 -80.7243893
2147643715 35.3059964 -80.7498244
172130628 35.302378 -80.744749
2129659958 35.3080837 -80.7305135
5616812358 35.3173795 -80.7268363
2147643719 35.3063457 -80.7506748
2147643720 35.3063667 -80.7503252
2147643721 35.3065716 -80.7489912
2147643722 35.3067982 -80.7492931
2147643723 35.3070695 -80.7486453
2147643724 35.3068656 -80.7510269
2147643725 35.3071552 -80.7490635
2147643726 35.3069658 -80.7515512
1710227791 35.3000533 -80.7537507
2147643729 35.3072834 -80.7489788
2147643730 35.3071726 -80.7518307
2147643731 35.3072487 -80.7526839
2147643732 35.3072659 -80.7527575
5189366101 35.2971444 -80.7548291
2147643734 35.3073689 -80.7526019
1710227799 35.3002475 -80.7463659
2147643737 35.3075006 -80.7487769
2147643738 35.3074204 -80.7526692
2147643739 35.3074444 -80.7525324
2147643740 35.3074624 -80.7522179
2147643741 35.3075214 -80.7476835
1710227806 35.3003687 -80.7535836
2147643743 35.3075788 -80.7523897
1710227808 35.300457 -80.7552535
2147643745 35.3076449 -80.752139
2147643746 35.3077373 -80.7485192
2147643747 35.3077141 -80.7525968
1710227812 35.300559 -80.7534595
2147643751 35.3077477 -80.7480286
2147643753 35.307778 -80.7523312
2147643754 35.3078009 -80.7479276
2147643757 35.3078582 -80.7522316
2147643758 35.3078334 -80.7479713
2147643759 35.3079475 -80.7483171
2147643760 35.3079069 -80.755184
2147643763 35.3079693 -80.7483493
2147643764 35.3080222 -80.7482438
2147643765 35.308002 -80.7551141
2147643766 35.3080155 -80.7482474
2147643768 35.3081164 -80.7481499
2147643769 35.3080694 -80.7520212
2147643770 35.3082047 -80.7532885
2147643771 35.3083085 -80.7548841
2147643773 35.3083743 -80.7487818
2147643775 35.3083784 -80.751552
2147643776 35.308348 -80.7474482
2147643778 35.3084179 -80.7516719
2147643779 35.3084352 -80.7488646
2147643780 35.3084795 -80.7547269
2147643781 35.3084908 -80.7533502
2147643782 35.3085489 -80.7516422
659793985 35.2966716 -80.741638
2147643784 35.3087005 -80.7476079
2147643785 35.3086568 -80.7547876
2147643786 35.3087433 -80.7544474
2147643787 35.3087623 -80.7544241
2147643789 35.3088432 -80.7542107
2147643790 35.3088978 -80.7542864
2147643791 35.3089058 -80.752145
2147643792 35.3089612 -80.7540111
2147643793 35.3089873 -80.7540431
2147643794 35.3090048 -80.7544349
2147643795 35.3090562 -80.7541392
2147643796 35.309066 -80.7523652
1710227861 35.3015224 -80.7469554
2147643798 35.3090958 -80.7545679
2147643799 35.3090892 -80.7466664
2147643800 35.309152 -80.7542799
2147643801 35.3091777 -80.752508
2147643802 35.3092464 -80.7470659
2147643803 35.3092457 -80.7525764
2147643804 35.3093113 -80.752621
2147643805 35.3093817 -80.7526478
2147643806 35.3094014 -80.7546411
2147643807 35.3094639 -80.7536994
2147643808 35.3094667 -80.7526627
2147643809 35.3096196 -80.7526895
2147643811 35.3097382 -80.7534107
2147643812 35.3097609 -80.7527273
2147643813 35.3097701 -80.7551733
2147643815 35.3098399 -80.7527757
1710227880 35.3016345 -80.7543784
2147643817 35.3099237 -80.7534562
2147643818 35.3099252 -80.7532114
2147643819 35.3099395 -80.752864
2147643820 35.3099944 -80.7529545
2147643821 35.3099827 -80.7457233
2147643822 35.3100587 -80.7530864
2147643824 35.3101349 -80.7532647
2147643825 35.3101486 -80.753018
2147643826 35.3102426 -80.745965
2147643827 35.31027 -80.7529406
2147643828 35.3102718 -80.7460088
2147643829 35.3103427 -80.7458393
2147643830 35.3103027 -80.7460508
2147643831 35.3103762 -80.7458889
2147643832 35.3103792 -80.7528782
2147643833 35.3104478 -80.7457209
2147643834 35.3104697 -80.7530564
2147643836 35.3105273 -80.7528127
2147643837 35.3106123 -80.7527859
2147643839 35.3106374 -80.7465263
2147643841 35.3107526 -80.7454265
2147643843 35.3106921 -80.752763
2147643844 35.3106974 -80.7449818
2147643845 35.3107944 -80.7527443
2147643846 35.3108044 -80.7529449
2936164807 35.3059838 -80.7242575
2147643850 35.3109585 -80.7469871
2147643851 35.3109662 -80.7467279
2147643852 35.3109789 -80.7527205
2147643855 35.3111285 -80.7472185
2147643856 35.3111424 -80.7529293
2147643857 35.3111538 -80.7527234
2147643858 35.3111966 -80.7477083
2147643859 35.3112001 -80.7477924
172192212 35.3113992 -80.7475526
2147643861 35.3112464 -80.7473674
2147643862 35.3112481 -80.7476136
172192215 35.3112481 -80.7477504
2147643864 35.3112636 -80.7474327
2147643865 35.311267 -80.7475042
172192218 35.3111532 -80.7478021
2147643867 35.3113383 -80.7527383
172192220 35.311066 -80.747866
2147643869 35.3113974 -80.7529403
172192222 35.310943 -80.747942
172192225 35.310851 -80.747979
172175842 35.3092764 -80.7541441
2147643875 35.3116539 -80.7527562
172192228 35.310732 -80.748013
172175845 35.3085373 -80.7537744
2147643878 35.3117311 -80.7478917
172192231 35.310586 -80.748034
2147643880 35.311865 -80.7480222
482714364 35.3064414 -80.7484142
2147643882 35.3120384 -80.7481737
172175851 35.3065548 -80.7509747
2147643884 35.31213 -80.7527831
2147643885 35.3121809 -80.7482873
172175854 35.3061509 -80.7504041
172192239 35.309134 -80.748238
172175856 35.3057538 -80.7495324
2147643890 35.3122861 -80.7527907
172192243 35.3090621 -80.7482626
2147643892 35.3123118 -80.7529736
2147643893 35.3123182 -80.7483883
2147643894 35.3123566 -80.7527936
172192249 35.308902 -80.748387
2147643898 35.3124132 -80.7529759
2147643899 35.3124552 -80.7431716
172192252 35.308849 -80.748436
2147643902 35.3124779 -80.7485061
172192257 35.308328 -80.748985
2147643906 35.3125522 -80.7529654
172192259 35.308099 -80.749211
2147643909 35.3126381 -80.7527704
172192262 35.307931 -80.749391
2147643912 35.3127878 -80.7433481
172192265 35.307886 -80.749455
172192268 35.307811 -80.749583
2147643917 35.3128599 -80.7432758
2147643918 35.3127721 -80.7527368
172192271 35.307779 -80.749652
172192274 35.307727 -80.749796
172192276 35.307712 -80.749871
2147643925 35.3129128 -80.7526821
172192278 35.307696 -80.750011
2147643927 35.3129242 -80.7488259
784540185 35.3076657 -80.7293193
729711131 35.3116306 -80.7407523
172192284 35.307699 -80.750153
2147643933 35.312979 -80.7486985
172192287 35.307712 -80.750273
172773921 35.3031456 -80.7322416
172192290 35.307726 -80.750334
2147643939 35.3130613 -80.7526063
172773924 35.3032871 -80.7322787
172192293 35.30774 -80.750398
6052092359 35.3029488 -80.7312023
172773927 35.3034705 -80.7322876
172192296 35.3077847 -80.7505318
172773930 35.3036294 -80.7322911
172772103 35.3116909 -80.7476393
172773933 35.3038128 -80.7322947
172192302 35.30848 -80.751527
2355165277 35.3123136 -80.7202488
172773936 35.3040338 -80.7323
3702846004 35.3090311 -80.7402603
2147643957 35.3133659 -80.7427226
3702846006 35.3089407 -80.740509
2147643959 35.3132919 -80.7524397
2147643960 35.3133174 -80.7492025
4370141962 35.3197288 -80.7356753
3702846014 35.3091129 -80.7399956
172192319 35.310869 -80.748178
2147643968 35.3133939 -80.7523415
172192322 35.31086 -80.748222
6052092321 35.3017927 -80.7374211
172192325 35.310841 -80.748272
2147643974 35.3134994 -80.7522258
172192328 35.310815 -80.748326
172192331 35.3107432 -80.7484182
2147643980 35.3135595 -80.7495412
2147643984 35.3136675 -80.7424176
172192337 35.3106963 -80.7485722
172192340 35.3107268 -80.7490526
1710228238 35.3050854 -80.7490821
2147643990 35.3136522 -80.7497032
1710228055 35.3026581 -80.747094
2147643992 35.3136762 -80.7519649
1710228060 35.3026818 -80.7487071
2147644000 35.3137311 -80.7518639
2147644001 35.3137363 -80.7498799
2147644004 35.3137843 -80.751744
172225297 35.3013815 -80.7334835
2147644009 35.3138067 -80.7500482
3709716379 35.3118456 -80.7287707
2147644013 35.3138633 -80.7502144
2147644016 35.3138736 -80.751481
2147644018 35.313908 -80.7503849
2147644019 35.3139097 -80.7513358
2147644023 35.3139337 -80.7505363
2147644024 35.3139337 -80.7512054
2147644025 35.3139492 -80.7510455
2147644026 35.3139526 -80.7506941
2147644028 35.3139577 -80.7508793
2147644034 35.3140352 -80.7514682
4844546155 35.311044 -80.7237899
482714250 35.3025177 -80.7499916
482714251 35.3021762 -80.749281
2147644044 35.3141514 -80.7432635
482714254 35.3023261 -80.7490665
482714256 35.3030474 -80.7481773
482714258 35.3040466 -80.7465234
1710228115 35.3029561 -80.753264
482714261 35.3045351 -80.746112
482714264 35.304803 -80.7460841
482714266 35.3050762 -80.7460803
482714269 35.3054172 -80.7459022
482714273 35.3057762 -80.7455272
1710228131 35.3034019 -80.7515177
482714276 35.3059237 -80.7453717
5538678214 35.3020777 -80.7492563
172668765 35.304575 -80.737065
2147644071 35.3144746 -80.7415003
172225308 35.3016849 -80.7331074
482714282 35.3062258 -80.7454709
1710228139 35.3034691 -80.7475661
729711280 35.3113221 -80.7410769
482714289 35.3064763 -80.7455541
482714291 35.3065611 -80.7455519
172218927 35.292911 -80.727598
482714294 35.3068483 -80.7455348
5536955849 35.3106715 -80.7480217
482714297 35.3070584 -80.7455691
482714301 35.3072826 -80.7456807
482714303 35.307504 -80.7459015
172225312 35.3017877 -80.7330339
482714306 35.3076331 -80.746104
482714309 35.3075653 -80.746513
1710228167 35.3040954 -80.7480097
482714312 35.3075915 -80.7466981
2147644105 35.3151456 -80.7404464
5538537817 35.306304 -80.7482316
1710228171 35.3041051 -80.750613
2147644109 35.3152786 -80.7405644
482714319 35.3074208 -80.7472104
172225315 35.3018977 -80.7329727
482714326 35.3074536 -80.7473606
482714328 35.307541 -80.7475399
1710228186 35.3043734 -80.7482228
729711324 35.3111354 -80.7412658
482714338 35.3074626 -80.74761
1710228196 35.304646 -80.7484602
5538678225 35.3021425 -80.7490724
482714345 35.3072381 -80.7479427
482714348 35.307226 -80.7481096
482714351 35.3070608 -80.7484214
3730498289 35.3076526 -80.7465418
482714355 35.3069644 -80.7485059
482714358 35.3068358 -80.7485655
5854186281 35.3069792 -80.7223263
482714361 35.3066233 -80.7485527
1710228220 35.3048849 -80.748851
1710228221 35.3049043 -80.7488909
482714367 35.3058666 -80.7476262
4370141953 35.3042558 -80.7462676
482714370 35.3055457 -80.7479764
4370141955 35.3165738 -80.7392195
172225285 35.3011905 -80.7346666
172225286 35.3011891 -80.73416
172225288 35.3012225 -80.7339212
653847340 35.298101 -80.7380453
172225290 35.301247 -80.7338184
172225292 35.3012737 -80.7337225
172225294 35.301324 -80.7336017
1710228241 35.3051555 -80.7492455
172225300 35.3014415 -80.733389
2147644181 35.3175342 -80.7382041
172225303 35.3015149 -80.7332877
172225306 35.3015958 -80.7331952
2147644188 35.3177521 -80.7379766
172668769 35.305837 -80.737049
2147644192 35.3179671 -80.7377244
1710228259 35.3054424 -80.7492164
172897062 35.3026185 -80.7318433
172225319 35.3020301 -80.732913
172225320 35.3021881 -80.7328379
172225321 35.3022533 -80.7327996
172897066 35.3026965 -80.7317355
172225323 35.3024065 -80.7326507
172897068 35.3027418 -80.7316377
3799202610 35.3061163 -80.7479823
172897070 35.3028447 -80.7312108
172897072 35.3028719 -80.7299084
172897073 35.3029681 -80.7295861
172897074 35.3031729 -80.7294813
172897076 35.3034453 -80.7294509
172897078 35.303554 -80.729394
172897080 35.303604 -80.729328
1710228276 35.3058084 -80.7499518
3799202613 35.3106761 -80.7525081
172897088 35.303639 -80.729251
172897093 35.303652 -80.729208
172897099 35.303663 -80.72912
172897100 35.303661 -80.728636
172897101 35.303673 -80.728541
172897102 35.303702 -80.728452
172897104 35.303722 -80.728411
172897106 35.303746 -80.728373
172897108 35.303777 -80.728334
172897111 35.303805 -80.728307
172897113 35.303869 -80.728267
172897116 35.303903 -80.728254
172897119 35.303955 -80.728244
172897122 35.3049356 -80.728239
3799202619 35.3109262 -80.7466701
172897125 35.304995 -80.728239
172897127 35.3051591 -80.7282146
172897129 35.3052126 -80.7281932
5649285998 35.3060852 -80.747938
1710228335 35.3065211 -80.748497
172897137 35.306019 -80.728149
5649286003 35.306207 -80.7481028
172897140 35.306087 -80.728159
172897141 35.30615 -80.72819
172897142 35.306205 -80.72824
482710391 35.3011952 -80.7366587
172897144 35.306264 -80.728324
172668772 35.306012 -80.737032
172897147 35.30674 -80.729301
1710228348 35.3067236 -80.7485669
172897150 35.306781 -80.729358
172897153 35.306805 -80.729382
5828705038 35.3085113 -80.7537364
172897156 35.306831 -80.729397
482726790 35.3049053 -80.748692
172897159 35.306892 -80.729409
172897162 35.306938 -80.729409
172897163 35.307478 -80.729333
172897165 35.307697 -80.729317
172897167 35.309501 -80.729322
172897168 35.310268 -80.729316
172897169 35.310621 -80.729306
172897170 35.310955 -80.729247
172897171 35.311034 -80.72922
172897172 35.311301 -80.729097
172897173 35.311476 -80.729003
172897176 35.311896 -80.728739
172897178 35.312089 -80.728639
5850641307 35.3004912 -80.7552319
172897180 35.3122 -80.728594
5649274487 35.3122509 -80.7521068
172897182 35.312269 -80.728566
172897184 35.312515 -80.728489
172897186 35.312782 -80.728414
172897189 35.312931 -80.728381
172897191 35.313267 -80.728276
172897193 35.313718 -80.728111
172897194 35.313892 -80.728034
172897196 35.31481 -80.727626
172897197 35.316621 -80.726823
172897198 35.316893 -80.726699
1710228402 35.3071951 -80.748234
172668826 35.3118882 -80.7353531
1710228405 35.3072547 -80.7478782
172286903 35.305945 -80.755053
172286906 35.306112 -80.755078
172286908 35.30621 -80.755105
3799202634 35.3108395 -80.7465453
172286911 35.306301 -80.755152
172286914 35.306406 -80.755217
1833752414 35.3030542 -80.7381462
172286919 35.3065 -80.755294
5423858634 35.3012925 -80.7367132
172668775 35.306159 -80.736994
653857748 35.3072972 -80.7218665
172772174 35.3131428 -80.7527613
801862617 35.3184271 -80.737237
801862620 35.3180995 -80.737585
801862627 35.3172192 -80.7385333
801862628 35.3166054 -80.7391866
801862629 35.3165436 -80.739251
801862630 35.3153329 -80.7405029
1805394923 35.3024411 -80.7289931
5728134127 35.3056811 -80.7242966
5728134128 35.3059023 -80.7239649
1805394929 35.3026152 -80.7291436
4493122552 35.3079302 -80.7378527
5649396726 35.3059403 -80.7534255
3627440088 35.3017868 -80.7317356
172890965 35.318583 -80.7292794
1804645376 35.3057657 -80.7281295
1805394945 35.3033538 -80.7294622
6009727204 35.3012915 -80.7335042
172890967 35.3199041 -80.731636
172141400 35.297375 -80.742701
172155927 35.316008 -80.7553533
653857818 35.3064987 -80.721097
1833752438 35.3068245 -80.7365841
2129718107 35.3080853 -80.7300217
3709716380 35.3114033 -80.7290421
653847389 35.3006397 -80.7324148
4493122554 35.3076497 -80.7382613
5728085049 35.3045451 -80.7259433
5728085050 35.3045957 -80.7258698
172772191 35.3110173 -80.7529281
5616812352 35.3163246 -80.7249105
172772129 35.3136935 -80.7495348
5649396807 35.3052297 -80.7460114
5649396808 35.3063089 -80.7455179
5538678285 35.3021002 -80.7490872
172141411 35.297358 -80.743208
6009730136 35.2986544 -80.7373153
5795083353 35.2944822 -80.7484878
6009730138 35.2986956 -80.7372929
6009730139 35.2987689 -80.7372768
6009730140 35.2989167 -80.7372808
6009730141 35.2990874 -80.7373128
172627038 35.300833 -80.738116
6009730143 35.2989845 -80.7370234
6009730144 35.2989659 -80.7369375
172627041 35.300798 -80.73823
6009730146 35.2989769 -80.7367484
6009730147 35.2990271 -80.7364549
172627044 35.300724 -80.738426
6009730149 35.2996522 -80.7374901
6009730150 35.2997477 -80.7375765
172627047 35.300652 -80.738631
6009730152 35.2988091 -80.7369569
172627050 35.300596 -80.738743
5614445676 35.2965325 -80.7392285
172627053 35.300563 -80.738794
172627056 35.300493 -80.738879
172627059 35.30042 -80.738939
172131444 35.2991237 -80.7456411
172627062 35.300337 -80.738981
172131448 35.2986242 -80.7455007
172627065 35.300292 -80.738996
172147834 35.294436 -80.726899
172627067 35.3002 -80.739009
172131452 35.2979575 -80.7454059
172131454 35.2977695 -80.7454289
172627071 35.30011 -80.739001
172131456 35.2976025 -80.7454589
172131457 35.296771 -80.745637
172627074 35.30005 -80.738983
172131459 35.2964986 -80.745672
172131460 35.2962857 -80.745657
172627077 35.299756 -80.738861
172131463 35.2962171 -80.7456433
172627080 35.299675 -80.73884
172131465 35.295972 -80.7455397
172627083 35.299633 -80.738838
172627086 35.299556 -80.738846
172627089 35.299486 -80.738868
172627094 35.299447 -80.738892
172627097 35.299397 -80.738935
172627100 35.299251 -80.739147
172627103 35.298941 -80.739644
6009730145 35.298967 -80.7368705
172772208 35.3100233 -80.7533573
172627109 35.298888 -80.739717
4493122558 35.3073383 -80.7394675
172627114 35.298827 -80.739773
172627117 35.298791 -80.739796
172627120 35.298752 -80.739814
172627123 35.298712 -80.739826
172627125 35.298669 -80.739827
172627128 35.29862 -80.739818
5649286004 35.3059735 -80.7477787
172627130 35.298563 -80.739789
172627133 35.298323 -80.739579
482710389 35.3013524 -80.7370756
482710390 35.3012665 -80.7369187
653847417 35.3022508 -80.7292688
172311777 35.30068 -80.727866
2129814754 35.308097 -80.7327769
2129814755 35.3080977 -80.7328701
172739452 35.300979 -80.754627
4614310422 35.3029231 -80.7320621
172739453 35.300906 -80.754347
801862667 35.3191495 -80.7364788
3702011126 35.3112677 -80.7299614
5189367032 35.3078449 -80.7481615
5189367033 35.3079156 -80.7480899
653847423 35.3023774 -80.7290855
5189367038 35.3101518 -80.7457533
5189367039 35.3101945 -80.7457059
172263294 35.307966 -80.724492
5189367046 35.3126475 -80.7431765
5189367047 35.3127176 -80.7431021
6009727213 35.3011287 -80.7356662
3627440090 35.3016993 -80.7316017
5189366115 35.303313 -80.7513601
1833752426 35.3045752 -80.7371414
1806800183 35.3073965 -80.7293445
172668787 35.3068599 -80.7364912
729711933 35.3127593 -80.7409857
4614310447 35.3066719 -80.738572
5583420755 35.3073442 -80.7471889
172263315 35.309144 -80.723535
172189016 35.3083748 -80.7489273
172668788 35.306948 -80.7364606
172189019 35.3077645 -80.7480395
5850641297 35.2995866 -80.753967
5728138605 35.3060508 -80.7242967
5728138606 35.3060632 -80.724135
6009727209 35.3011327 -80.7341256
5649274234 35.3087856 -80.7485017
172143998 35.314928 -80.727573
5649274248 35.3102456 -80.7480797
5649274250 35.3093897 -80.7481705
172336524 35.301289 -80.728308
1803480642 35.320078 -80.7319082
5649274255 35.3085804 -80.7487142
5649274256 35.3082365 -80.7490753
172668790 35.3072843 -80.7364499
5649274262 35.3079875 -80.7493305
3729890202 35.301697 -80.7315305
172183109 35.297808 -80.735971
3627440203 35.3028828 -80.7308959
3729890203 35.3017257 -80.7314527
6009727217 35.3011889 -80.7368966
5649274292 35.3078964 -80.7506983
172455356 35.3114938 -80.7474229
5649274301 35.3082057 -80.7511375
5538678209 35.3022173 -80.7491222
5538678210 35.3022289 -80.7491549
5538678211 35.3022312 -80.7491905
5538678212 35.3022241 -80.749225
5538678213 35.3021012 -80.7492781
172668837 35.3117622 -80.7321801
5538678215 35.3020614 -80.7492263
5538678216 35.3020539 -80.7491914
5538678217 35.3020561 -80.7491554
5538678218 35.3022083 -80.749255
5538678219 35.3021854 -80.749277
5538678220 35.302158 -80.7492889
5538678221 35.3021289 -80.7492893
5538678222 35.3020677 -80.7491223
5538678223 35.3020876 -80.7490956
5538678224 35.3021134 -80.7490783
172668792 35.3076569 -80.7364518
5538678226 35.3021715 -80.7490783
5538678227 35.3021974 -80.7490956
5538678228 35.3022213 -80.7491335
5538678229 35.3020674 -80.7492374
5538678230 35.3012217 -80.7497893
6052091471 35.3025741 -80.7318571
6052091472 35.3027069 -80.7322519
6009727227 35.3024655 -80.7374721
6009727228 35.3026027 -80.7375724
2148775506 35.2945861 -80.7419436
6009727229 35.3026563 -80.7376443
6052091475 35.3023208 -80.7327503
5425493496 35.3030786 -80.738499
6052091476 35.3022772 -80.7326848
5425493503 35.3026263 -80.7382868
172668794 35.308391 -80.736482
1710228397 35.3071381 -80.7483304
6052091480 35.3012511 -80.7335993
3627440037 35.3121135 -80.742245
2129718103 35.3080803 -80.7303463
5538677913 35.3136958 -80.7497947
6052091430 35.3023425 -80.731857
6052091431 35.3022222 -80.7317279
6009730151 35.2990721 -80.7371306
4614310433 35.3024615 -80.7323228
2148775491 35.2929232 -80.7395025
2148775492 35.293062 -80.7397454
2148775493 35.2935296 -80.7402184
2148775494 35.2937014 -80.7407595
2148775495 35.2937993 -80.7405386
2148775496 35.2938328 -80.7479063
2148775497 35.2939695 -80.7409365
2148775498 35.2939712 -80.741031
2148775499 35.2939747 -80.7410031
2148775500 35.2939765 -80.740973
2148775501 35.2940533 -80.7412574
2148775502 35.2940763 -80.7410602
2148775503 35.294078 -80.7410967
2148775504 35.2940798 -80.7410258
2148775505 35.2940851 -80.741131
172716806 35.305656 -80.727742
2148775507 35.2946617 -80.7417091
2148775508 35.2950182 -80.7453096
2148775509 35.2951164 -80.745191
2148775510 35.2951461 -80.7451606
2148775511 35.2951957 -80.7451333
2148775512 35.2952477 -80.7451272
2148775513 35.2952503 -80.7447625
2148775514 35.2952985 -80.7424621
2148775515 35.2953171 -80.7451363
2148775516 35.2953381 -80.7447938
2148775517 35.2953406 -80.744733
2148775518 35.2953455 -80.7448575
2148775519 35.2954341 -80.7451546
2148775520 35.2955651 -80.7452398
2148775521 35.2961102 -80.7456065
2148775523 35.2963903 -80.7456688
2148775524 35.2964273 -80.7421758
2148775525 35.2965944 -80.7419258
2148775526 35.2966288 -80.7436344
2148775527 35.2966341 -80.7418864
2148775528 35.2966665 -80.7441555
2148775529 35.2966737 -80.7418682
2148775530 35.2967357 -80.741856
2148775531 35.2968001 -80.7418773
1806268012 35.3080856 -80.7299534
2148775533 35.29706 -80.742133
1806268014 35.3080873 -80.7296378
2148775535 35.2973041 -80.7425065
2148775536 35.2973958 -80.7424645
1806268017 35.3080887 -80.7293618
2148775538 35.2984913 -80.745458
2148775539 35.2991511 -80.7454361
2148775540 35.3008086 -80.7464517
2148775541 35.3017683 -80.7469404
2148775542 35.3024231 -80.7469773
2148775543 35.3026504 -80.7471829
2148775544 35.3030646 -80.7480828
2148775545 35.3031141 -80.7481313
2148775546 35.3031655 -80.7474963
2148775547 35.3032157 -80.747855
1806268028 35.3086484 -80.7293142
2148775549 35.3032812 -80.7475693
2148775550 35.3033004 -80.7475929
2148775551 35.3033127 -80.7476101
2148775552 35.3033232 -80.747638
2148775553 35.3033267 -80.7476809
2148775554 35.3033267 -80.7477067
2148775555 35.3034491 -80.7476436
2148775556 35.3034491 -80.7476801
2148775557 35.3034515 -80.7477074
2148775558 35.3034639 -80.7477317
2148775559 35.3034887 -80.747756
2148775560 35.3035894 -80.7478256
2148775561 35.3038116 -80.7469664
2148775562 35.3038592 -80.7480189
2148775563 35.3040765 -80.7482078
2148775564 35.3041703 -80.7483734
2148775565 35.3044633 -80.7486174
2148775566 35.3048794 -80.7487966
2148775567 35.3048819 -80.7487632
2148775568 35.3049426 -80.7486372
2148775569 35.3050144 -80.7485431
2148775570 35.305064 -80.7485886
2148775571 35.305069 -80.7486615
2148775572 35.3050789 -80.7487101
2148775573 35.3050987 -80.7487617
2148775574 35.305106 -80.7484733
2148775575 35.3051408 -80.7488103
1062479512 35.2947008 -80.7401469
1710227785 35.2997554 -80.7538945
653810629 35.3093511 -80.7413019
2148775576 35.3052375 -80.7490107
2148775537 35.2983897 -80.7454365
5425496872 35.303662 -80.7288681
1062479537 35.2944795 -80.7405421
1062479538 35.294187 -80.7408638
5843916475 35.3053615 -80.7537299
4614310438 35.3023963 -80.7318728
1062479510 35.2945058 -80.7400143
3702888144 35.3038926 -80.727292
2148775548 35.3032578 -80.7479188
3709683445 35.309751 -80.72932
5583419711 35.3019715 -80.7493032
3702888213 35.3073545 -80.7246584
172668803 35.309695 -80.736382
172668701 35.29903 -80.7372821
172668703 35.2992391 -80.737394
172668706 35.2996262 -80.7375679
172668708 35.300435 -80.737905
172668710 35.300976 -80.738176
172668713 35.301063 -80.73822
172668716 35.301241 -80.738292
172668719 35.301331 -80.738321
172668721 35.301544 -80.738369
172668724 35.301705 -80.738391
172668727 35.301923 -80.738407
172668730 35.302131 -80.738397
172668733 35.302236 -80.738386
172668736 35.3024408 -80.7383282
172668739 35.3025985 -80.7382033
172668742 35.3030367 -80.7380378
172263239 35.304088 -80.722919
172668745 35.3031125 -80.7380012
172263242 35.304306 -80.722975
3527288651 35.3102837 -80.7360564
172668748 35.3032887 -80.7378937
172263245 35.304446 -80.723037
172668751 35.3034132 -80.737808
172263248 35.304598 -80.723111
172668754 35.3035462 -80.73768
172263251 35.304631 -80.723134
172668757 35.3037315 -80.7375071
172263254 35.304719 -80.72321
172668760 35.3039583 -80.7372652
172263257 35.304849 -80.723331
1833752410 35.3025479 -80.7383166
1833752411 35.3026957 -80.7382647
1833752412 35.3028487 -80.7382097
1833752413 35.3029581 -80.7381816
172263262 35.305439 -80.723929
1833752415 35.3031575 -80.7381101
1833752416 35.3033292 -80.7380124
172263265 35.3057872 -80.7241424
1833752418 35.3035752 -80.7377874
1833752419 35.3037582 -80.7376004
3627440031 35.3120225 -80.742369
1833752421 35.3039792 -80.7373754
1833752422 35.3041212 -80.7372514
172263271 35.3065 -80.724517
1833752424 35.3042852 -80.7371714
1833752425 35.304389 -80.7371607
172668778 35.306318 -80.736901
1833752427 35.3050023 -80.7371303
1833752428 35.3050382 -80.7371294
1833752429 35.3058372 -80.7371254
1833752430 35.3059775 -80.7371116
1833752431 35.3060122 -80.7371084
1833752432 35.3061567 -80.7370562
1833752433 35.3063107 -80.7369632
1833752434 35.3063794 -80.7369092
172148595 35.2968195 -80.7443282
172263284 35.307259 -80.724663
2147643710 35.3055647 -80.7496465
172263286 35.307326 -80.724662
1833752439 35.3068558 -80.7365685
172263288 35.307597 -80.724628
1833752441 35.3071056 -80.7365262
172263290 35.307668 -80.724613
1833752443 35.3075737 -80.7365408
1833752444 35.3076402 -80.7365441
1833752445 35.3078709 -80.7365453
172668798 35.309408 -80.736456
172148607 35.2969645 -80.7447922
1833752448 35.3080937 -80.7365542
1833752449 35.3083912 -80.7365584
172263298 35.30822 -80.724317
1833752451 35.3090562 -80.7365444
1833752452 35.3094082 -80.7365324
1833752453 35.3095472 -80.7365054
1833752454 35.3096952 -80.7364584
1833752455 35.3097426 -80.7364349
1833752456 35.3098462 -80.7363834
1833752457 35.3100412 -80.7362864
1833752458 35.3102043 -80.7361889
1833752459 35.3102251 -80.7361764
1833752460 35.3103723 -80.7360717
1833752461 35.3106742 -80.7359814
1833752462 35.3109066 -80.7293943
1833752463 35.3109712 -80.7293769
1833752464 35.3110345 -80.729577
1833752465 35.3111735 -80.7298418
1833752466 35.3111689 -80.7360075
1833752467 35.3112925 -80.7299929
1833752468 35.3112884 -80.7360065
1833752469 35.3114842 -80.7359405
172148630 35.296551 -80.745488
1833752471 35.3115241 -80.730268
1833752472 35.3116761 -80.73047
1833752473 35.3116876 -80.7358207
1833752474 35.3117631 -80.730702
1833752475 35.3118248 -80.7320183
172148636 35.296456 -80.745516
1833752477 35.3118241 -80.730982
1833752478 35.3118341 -80.731461
172668831 35.3118222 -80.7330981
3627440032 35.312101 -80.742272
3627440033 35.3117771 -80.7420509
1833752482 35.3118799 -80.7355829
1833752483 35.3118681 -80.7323564
3627440036 35.3121246 -80.7421687
1833752485 35.3119001 -80.733077
1833752486 35.3119099 -80.7340479
3627440039 35.3118154 -80.7419946
3627440040 35.3118664 -80.741956
3627440041 35.3119247 -80.7419391
3627440042 35.3119843 -80.7419458
3627440043 35.3120392 -80.7419752
3627440044 35.3120345 -80.7423632
3627440045 35.3119757 -80.7423916
3627440046 35.3119125 -80.7423942
3627440047 35.3118522 -80.7423708
3627440048 35.3024783 -80.731972
3627440049 35.3025015 -80.7319237
3627440050 35.3025342 -80.7318846
3627440051 35.3026662 -80.7318445
3627440052 35.3028045 -80.7321213
3627440053 35.3027816 -80.7321778
3627440054 35.3027461 -80.7322236
3627440055 35.302663 -80.7322669
3627440056 35.3026099 -80.732266
3627440057 35.3025595 -80.7322456
172263354 35.312639 -80.723922
172893855 35.316129 -80.727038
172668860 35.3113943 -80.7302465
3627440061 35.302813 -80.7320591
172263358 35.312908 -80.723976
172668863 35.3112041 -80.7300396
3627440064 35.3024658 -80.7320819
172263361 35.313124 -80.724051
172668866 35.3110762 -80.7298721
172668867 35.3109581 -80.7296
172668868 35.310895 -80.729257
3627440069 35.3025101 -80.7324617
172263366 35.313259 -80.724114
172263369 35.313422 -80.724204
3627440074 35.3019847 -80.7314755
3627440075 35.3021453 -80.7316043
172263372 35.313574 -80.724294
1804657465 35.3050935 -80.7282275
172263374 35.313679 -80.724351
3627440079 35.3024233 -80.7318786
172263376 35.313872 -80.724442
3627440081 35.3024105 -80.7320257
172263378 35.314085 -80.724519
3627440083 35.3023107 -80.7319471
172263380 35.314276 -80.724569
3627440085 35.3020092 -80.731887
172263318 35.309213 -80.723512
3627440087 35.3018505 -80.731796
172148613 35.296939 -80.745019
3627440089 35.3017458 -80.7316801
172263386 35.314794 -80.724663
3627440091 35.3016199 -80.7315173
172263388 35.3149859 -80.7246963
3627440035 35.3121142 -80.7420923
172263393 35.3152167 -80.724714
172263395 35.3154762 -80.7246875
172263398 35.3157223 -80.7245435
1863556092 35.3080919 -80.732126
729716714 35.3103273 -80.7418243
3702888429 35.3065339 -80.7245265
172505071 35.3142146 -80.7431791
172505074 35.3139739 -80.7430362
172505076 35.3142534 -80.7433241
1863556094 35.3080964 -80.732696
172767224 35.3071838 -80.7527577
172767225 35.305701 -80.753554
172767227 35.305122 -80.753854
172767228 35.304915 -80.753948
172767229 35.304787 -80.753985
1833752450 35.3088191 -80.7365494
172767231 35.304694 -80.753997
172767234 35.304635 -80.753999
172767237 35.304517 -80.753984
172767240 35.304459 -80.75397
172767245 35.304346 -80.753925
172767248 35.304029 -80.753766
172767250 35.303843 -80.753663
172767251 35.303771 -80.753614
172767252 35.303634 -80.753501
3702888469 35.308081 -80.7210806
172767254 35.303432 -80.753311
1710227801 35.3003415 -80.7464018
172767256 35.303348 -80.753261
172767257 35.303304 -80.753243
3702888474 35.3074535 -80.7218656
172767259 35.3031802 -80.7532123
3702888476 35.3073251 -80.721929
172767262 35.3031007 -80.7532227
172767264 35.303026 -80.753235
172767267 35.302982 -80.75325
172767270 35.302899 -80.753295
172767273 35.302127 -80.753821
172668812 35.310674 -80.7358895
172767275 35.301962 -80.753946
172767278 35.301911 -80.753991
5189366109 35.3004726 -80.7532637
172767281 35.301864 -80.75404
2147643742 35.3075148 -80.7525998
172767286 35.301778 -80.754151
2129659959 35.3080864 -80.7307925
172767290 35.301578 -80.754468
172767294 35.301497 -80.754565
172767297 35.301452 -80.754608
3627440194 35.3030272 -80.7322044
172767299 35.301339 -80.754682
3627440196 35.3028159 -80.7322155
172767301 35.30122 -80.754742
659793990 35.2951633 -80.744952
172767303 35.301075 -80.754792
3627440200 35.3033218 -80.7321372
172767305 35.300824 -80.754918
3627440202 35.304353 -80.7321655
172767307 35.30079 -80.754954
3627440204 35.3028878 -80.7307247
172767309 35.300684 -80.755096
3627440206 35.3028769 -80.7297978
172767311 35.300559 -80.755189
3627440208 35.3029708 -80.7297846
172767313 35.300412 -80.755282
3627440210 35.3029896 -80.7305163
3627440211 35.3029844 -80.7308242
3627440212 35.3029622 -80.7311002
3627440213 35.3029326 -80.7313098
3627440214 35.3028581 -80.7315444
3627440215 35.3028061 -80.7316914
3627440216 35.3027922 -80.7318372
2147643748 35.307721 -80.7522468
1871784029 35.3080862 -80.7307104
3627440222 35.3053325 -80.7281482
3627440223 35.3053214 -80.7280954
3627440224 35.3053249 -80.7280411
3627440225 35.3053427 -80.7279912
3627440226 35.3053728 -80.7279511
3627440227 35.305412 -80.7279252
3627440228 35.3055862 -80.7280419
3627440229 35.3055895 -80.7280958
3627440230 35.3055785 -80.7281482
3627440231 35.3055542 -80.7281933
3627440232 35.3055193 -80.7282264
3627440233 35.3054775 -80.7282439
3627440234 35.3054558 -80.7279163
3627440235 35.3054997 -80.7279254
3627440236 35.3055387 -80.7279516
3627440237 35.3055686 -80.7279919
3627440238 35.3054334 -80.7282439
3627440239 35.3053917 -80.7282264
3627440240 35.3053568 -80.7281933
3627440241 35.3052834 -80.7281242
3627440244 35.3056487 -80.7280817
3627440245 35.3056372 -80.7281525
3627440246 35.3053007 -80.7282038
3627440247 35.3055477 -80.7278446
5814410584 35.3175456 -80.7381922
172263324 35.309568 -80.723463
5854187888 35.3074268 -80.7201064
5516335267 35.2950435 -80.7447647
172636336 35.300109 -80.752501
172636338 35.30003 -80.752385
172415347 35.30237 -80.744857
172636340 35.299938 -80.752301
172636342 35.299782 -80.752214
5854187892 35.3082751 -80.7203009
172636346 35.299651 -80.752175
172636348 35.299575 -80.752163
172636349 35.299469 -80.752176
172636350 35.299375 -80.752231
172636351 35.2993299 -80.7523051
172668817 35.3112882 -80.7359301
3702167399 35.3131363 -80.7439036
4614310455 35.3090353 -80.7185971
653846737 35.3099344 -80.7164616
6009727194 35.3024241 -80.732451
6009727195 35.3023247 -80.7326306
6009727196 35.3022346 -80.7327199
6009727197 35.3020918 -80.7328018
6009727198 35.3019284 -80.7328776
6009727199 35.3018159 -80.7329332
6009727200 35.3016596 -80.7330419
6009727201 35.3013282 -80.7334336
6009727202 35.3015146 -80.7331826
6009727203 35.3013743 -80.7333592
172263327 35.309701 -80.723476
6009727205 35.3012109 -80.7337095
6009727206 35.3011413 -80.7340035
6009727207 35.3012037 -80.7340208
6009727208 35.3011721 -80.7338422
659794153 35.2969572 -80.7418846
6009727210 35.3011292 -80.7346622
6009727211 35.3011266 -80.7342788
6009727212 35.3011287 -80.7349414
172148642 35.296262 -80.74551
6009727214 35.3011263 -80.7362001
6009727215 35.3011339 -80.736669
6009727216 35.3011495 -80.7367647
5616812360 35.3199335 -80.7314202
6009727218 35.3012384 -80.7370074
6009727219 35.3013653 -80.7371917
6009727220 35.3014275 -80.7372554
6009727221 35.3014918 -80.7373076
6009727222 35.3015742 -80.7373586
6009727223 35.3017276 -80.7374128
6009727224 35.3018579 -80.7374245
6009727225 35.3023365 -80.7374371
6009727226 35.3024055 -80.7374471
5785796991 35.299975 -80.7273581
172668819 35.3116227 -80.7357621
482708522 35.3074963 -80.7399373
6009727230 35.3026858 -80.7377043
6009727231 35.3027333 -80.7378076
6009727232 35.302878 -80.7381174
6009727233 35.302544 -80.7374071
6009727234 35.3015896 -80.7372834
5727987972 35.3029084 -80.7379793
1807636748 35.3080854 -80.7300021
5538536498 35.3107602 -80.7537824
1816672560 35.3065988 -80.7366847
1816672566 35.3071112 -80.7364515
6052092297 35.3023957 -80.7325148
5583419707 35.3019999 -80.7493112
5583419708 35.30207 -80.7492864
5583419709 35.3020262 -80.749212
5583419710 35.3019835 -80.7492683
172263330 35.309766 -80.723491
6052092299 35.3021769 -80.732758
5727996232 35.3027642 -80.7381275
5727996233 35.3030459 -80.7380333
1816672586 35.3078714 -80.7364503
5727996235 35.3030859 -80.7381351
659794253 35.2972565 -80.742421
1816672591 35.3079421 -80.7366225
172668781 35.3065628 -80.7367152
5728126299 35.3058443 -80.7244629
6052092302 35.3014686 -80.7332315
1833732444 35.3066584 -80.7371889
1833732445 35.3066625 -80.7375824
6052092304 35.3011271 -80.734457
5728134129 35.3057029 -80.7240908
172415336 35.3025494 -80.747312
2147643868 35.3113426 -80.7476389
5189367106 35.315474 -80.7401079
172415342 35.302268 -80.74536
172415344 35.302326 -80.745122
172415345 35.302356 -80.744962
172419443 35.3170968 -80.7266052
172415351 35.302385 -80.744644
172415354 35.302386 -80.744538
172415357 35.302374 -80.744314
172415360 35.302342 -80.744043
172415362 35.302013 -80.741957
172415364 35.301999 -80.741783
172415366 35.302003 -80.741593
172415368 35.302022 -80.74144
172415369 35.302049 -80.741312
6052092298 35.3023641 -80.7325734
172415371 35.302065 -80.741247
6052092300 35.3017358 -80.7329843
6052092301 35.3015748 -80.7331163
172415374 35.302191 -80.740905
6052092303 35.3014208 -80.7332913
172415376 35.302262 -80.740781
5785797016 35.3005663 -80.7277801
172415380 35.3024938 -80.7404688
172415382 35.302883 -80.739951
6052092311 35.3011804 -80.7363474
172415384 35.302935 -80.739864
172263333 35.310199 -80.723618
172415386 35.302968 -80.73981
6052092315 35.3011835 -80.7365166
6052092316 35.3012978 -80.7371119
6052092314 35.3011255 -80.7365455
6052092318 35.3016591 -80.7373148
172415391 35.303038 -80.739656
6052092320 35.3013998 -80.7371355
172415393 35.303067 -80.739576
6052092322 35.3025353 -80.7375129
6052092323 35.3028243 -80.7380215
172415396 35.303095 -80.739483
6052092325 35.3026775 -80.7375284
172415398 35.303136 -80.739294
6052092327 35.3011878 -80.7343391
172415402 35.303159 -80.739111
172415405 35.3031647 -80.7390362
6052092317 35.3016557 -80.7373921
172415408 35.303157 -80.738857
6052092337 35.302095 -80.7315537
6052092338 35.3020354 -80.7315036
172415411 35.303133 -80.73869
6052092340 35.3011916 -80.7312207
6052092341 35.3013769 -80.7308338
172415414 35.303106 -80.738571
6052092343 35.3015061 -80.7314355
172415416 35.3029569 -80.738079
4614310463 35.3137099 -80.7213249
6052092346 35.302205 -80.7319124
6052092319 35.3015184 -80.7372414
6052092352 35.3029298 -80.7296411
6052092353 35.3028954 -80.7297204
6052092354 35.302978 -80.7297044
6052092355 35.3028678 -80.7310506
6052092356 35.3028249 -80.7313178
6052092357 35.302769 -80.7315513
653846982 35.309689 -80.7172128
653846983 35.3095161 -80.7177834
653846984 35.3093508 -80.7182994
6052092361 35.3028234 -80.7316295
653846986 35.3090722 -80.7190844
653846987 35.3089453 -80.7193741
653846988 35.3087474 -80.7198079
653846989 35.30857 -80.7201819
653846990 35.3083932 -80.7205325
653846991 35.3081792 -80.7208922
653846992 35.3079725 -80.7212452
653846993 35.3078104 -80.7215064
653846995 35.3074075 -80.7221123
653846997 35.3069359 -80.7227887
653846999 35.3059461 -80.7243154
653847001 35.3048571 -80.7258928
6052091470 35.3024725 -80.7321196
653847005 35.3047391 -80.7260648
653847006 35.3025566 -80.7292285
653847008 35.3024132 -80.7294372
653847010 35.3016538 -80.7307125
653847012 35.3014377 -80.7312097
6052092326 35.3024651 -80.7373685
653847015 35.3013282 -80.7314403
653847017 35.3008243 -80.7325432
653847019 35.300117 -80.7340489
653847021 35.2999095 -80.7344908
653847023 35.2992729 -80.7359048
2147643816 35.3098931 -80.7528157
653847026 35.2990853 -80.7363209
172233811 35.307986 -80.7553267
653847028 35.2987449 -80.7371047
653847030 35.298287 -80.7381707
653847032 35.2978191 -80.7391707
5850641325 35.2987151 -80.7549046
4854194048 35.3071124 -80.7391301
653847047 35.2967169 -80.7415453
4493122556 35.3073529 -80.7387919
172141403 35.297397 -80.742823
172497430 35.302224 -80.72898
6009730137 35.2986699 -80.7373057
4614310424 35.3028949 -80.7322035
172497433 35.30197 -80.728781
172497436 35.300451 -80.727693
172497438 35.30022 -80.727527
4614310431 35.3025573 -80.7323848
4854194049 35.3071983 -80.7391424
172497441 35.299334 -80.726916
172497443 35.299196 -80.726814
3786422820 35.3101322 -80.7193281
172497446 35.299042 -80.726701
172497449 35.298973 -80.726636
172497451 35.298845 -80.726494
4614310444 35.3027047 -80.7317136
172497453 35.298633 -80.726162
4614310446 35.3027972 -80.7317642
172497455 35.298549 -80.725978
4614310448 35.3066776 -80.7386662
172497457 35.29849 -80.72582
172218930 35.293384 -80.727377
172497459 35.298453 -80.725707
172218932 35.293658 -80.727265
172497461 35.298396 -80.725493
4614310454 35.3067504 -80.7389032
172218935 35.293818 -80.727184
4614310456 35.3092081 -80.7186808
172218937 35.294505 -80.726867
4614310458 35.3119568 -80.7200455
172218939 35.29468 -80.7268
4614310460 35.3127172 -80.7204781
172218941 35.29488 -80.726715
4614310462 35.3134082 -80.7210291
172218943 35.295336 -80.726496
4614310464 35.3144401 -80.7221457
172218945 35.295647 -80.726345
4614310466 35.3157205 -80.723848
4614310467 35.3158813 -80.7241285
172218948 35.296062 -80.726166
4614310469 35.3156765 -80.7240226
653847110 35.2937385 -80.7480772
172218951 35.298043 -80.725342
4614310472 35.3138668 -80.7216687
4614310473 35.3136073 -80.7213988
172218954 35.298213 -80.725277
172145227 35.2953994 -80.7449921
172218956 35.298344 -80.725235
172218957 35.29846 -80.725193
653847118 35.2935308 -80.7485393
4614310479 35.3091547 -80.7188396
172218960 35.298773 -80.72506
3799202615 35.3105656 -80.7509893
4614310482 35.3098982 -80.7161243
172218963 35.29891 -80.724983
172218966 35.299809 -80.724605
653847127 35.2932805 -80.7491252
172218969 35.300155 -80.72446
172218972 35.302455 -80.7235
5786045022 35.2970188 -80.7395523
172218975 35.3028 -80.723351
172218978 35.303062 -80.723244
6052092347 35.3022653 -80.7319249
172218981 35.303891 -80.722908
3627440193 35.3017668 -80.7314256
172218984 35.30484 -80.7225
172218987 35.305294 -80.722236
1775438445 35.3022182 -80.7408575
172218990 35.305598 -80.722001
172218993 35.305835 -80.721801
172218996 35.306183 -80.721434
172218999 35.307934 -80.719565
172219001 35.308703 -80.718723
1863678586 35.3118263 -80.733507
1863678587 35.3118289 -80.733767
1863678588 35.3118315 -80.7340154
1863678589 35.3119041 -80.7334728
1863678590 35.3119071 -80.733767
3799202617 35.3107498 -80.7535923
3627440058 35.3027118 -80.7318616
4493122557 35.3073146 -80.7390633
3627440195 35.3029549 -80.732202
172432036 35.2939413 -80.7411023
6052092358 35.302798 -80.7314354
172526247 35.3043533 -80.7323101
1710227911 35.3017208 -80.7470064
172526256 35.304285 -80.737095
6052092360 35.302977 -80.7309675
172657336 35.2946648 -80.7485886
172657339 35.2950152 -80.7487683
6052092362 35.3028932 -80.7314494
172657343 35.2954864 -80.7496718
172657344 35.2954444 -80.7504872
172668838 35.3117343 -80.7320221
172657346 35.2955679 -80.7513937
6052092363 35.3029165 -80.7313805
172657348 35.2954864 -80.7521867
172131446 35.2988056 -80.7455589
172657350 35.2953465 -80.7525946
1805368008 35.3036622 -80.7289322
1269676745 35.3088189 -80.736473
3627440060 35.3028062 -80.7319965
172657356 35.2950579 -80.7538466
172131449 35.2982365 -80.7454119
1269676764 35.3097424 -80.7363585
4510506106 35.3037613 -80.7270794
3627440197 35.3028683 -80.7320328
172657375 35.3020277 -80.747065
172131451 35.2980635 -80.7454039
653847271 35.2929374 -80.7495322
4510506108 35.3033539 -80.72767
653847277 35.2931393 -80.7490071
172358781 35.2953007 -80.7549667
5534707496 35.2981965 -80.7378237
653847282 35.293355 -80.7484727
653847286 35.2935683 -80.747965
172668836 35.3117881 -80.7323775
3627440198 35.3029708 -80.7320841
5850655489 35.2958891 -80.7409711
172772098 35.3111726 -80.7470195
172772100 35.3113044 -80.7472002
653847303 35.2950074 -80.7448557
1833752476 35.3118131 -80.73177
2147643863 35.3112619 -80.7475673
172772108 35.3118746 -80.7478308
172131458 35.2966036 -80.745667
172772110 35.3120514 -80.7479928
172772112 35.3122385 -80.748154
172772114 35.313115 -80.7488089
5189366029 35.3009952 -80.7527067
172772117 35.3132454 -80.7489351
172772119 35.3133845 -80.7490824
172772121 35.3135201 -80.749257
3627440199 35.3031037 -80.7321142
172772126 35.3136008 -80.7493833
653847329 35.2965627 -80.7414326
172772131 35.3137673 -80.7496736
172772133 35.3138394 -80.7498251
653847335 35.2976349 -80.7390413
172772136 35.3139167 -80.7500229
1710227932 35.3018673 -80.7467014
172772139 35.3139871 -80.7502332
172772140 35.31403 -80.7504037
172772141 35.3140712 -80.7506204
172772143 35.3140867 -80.750816
172772145 35.3140884 -80.7509928
653847346 35.2986011 -80.7369147
172772147 35.3140832 -80.7511463
172772149 35.3140661 -80.7512999
3799202614 35.3106351 -80.7518872
172772151 35.3140036 -80.7515901
653847352 35.2988987 -80.7361971
172772153 35.3139092 -80.7518489
172739386 35.3085357 -80.754904
172772155 35.3138461 -80.7519837
172739388 35.3083931 -80.7550321
172772157 35.3137501 -80.7521515
172739390 35.3082743 -80.7551253
172772159 35.3136422 -80.752305
653847360 35.2990871 -80.7357792
172772161 35.31356 -80.7524099
172772163 35.3133814 -80.7525867
653847366 35.2997245 -80.7343632
172772167 35.3132716 -80.7526771
653847370 35.299933 -80.7339191
172872162 35.3095007 -80.7462375
172890958 35.3172913 -80.7269189
172890961 35.3175754 -80.7273864
172772178 35.3130261 -80.7528223
172890963 35.3178005 -80.7278176
172772181 35.3127891 -80.752917
3627440201 35.3037391 -80.7321478
172141399 35.297358 -80.742642
172772184 35.312669 -80.7529485
172890969 35.3204682 -80.7325684
172772187 35.3121488 -80.7529675
2129718108 35.3080864 -80.7298039
172141405 35.297402 -80.742889
172141407 35.297402 -80.742955
172141409 35.297388 -80.743085
172772194 35.3109057 -80.7529344
653847395 35.3011234 -80.7313563
172141412 35.297334 -80.743265
172772197 35.3108491 -80.7529407
172141414 35.297312 -80.743318
172772199 35.3107186 -80.7529617
172141416 35.297251 -80.743418
172772202 35.3106173 -80.7529975
172141419 35.297215 -80.743462
172772204 35.3103392 -80.7531237
172141421 35.297175 -80.743503
172772206 35.3102413 -80.7531847
2147643926 35.3129128 -80.7528749
172141424 35.297091 -80.7435821
172175848 35.3076382 -80.7524945
653847410 35.3012515 -80.7310872
172141427 35.296995 -80.7436321
172141430 35.296945 -80.7436491
172141433 35.296894 -80.7436601
172739451 35.301016 -80.754806
172141436 35.296791 -80.7436671
172192234 35.309324 -80.748178
172739455 35.300817 -80.754071
172739457 35.300611 -80.753602
172141442 35.296548 -80.743599
2147643883 35.3120751 -80.7527808
172141444 35.2965466 -80.7440044
653847429 35.3045769 -80.7258972
172579719 35.313791 -80.72808
653847433 35.3046949 -80.7257252
172192237 35.309259 -80.748192
172668841 35.3117352 -80.7317911
653847442 35.3067721 -80.7226233
2147643886 35.3122043 -80.7527899
653847447 35.3072388 -80.7219399
2147643870 35.311399 -80.7473048
3729890201 35.3017039 -80.731492
653847450 35.3076436 -80.7213456
2147643887 35.3122122 -80.7529698
3729890204 35.3023592 -80.7327104
653847454 35.3078055 -80.7210848
1868077983 35.3042334 -80.7282426
653847457 35.3079756 -80.7208267
653847458 35.3082229 -80.7203987
1805364136 35.3030633 -80.7295182
1805364138 35.3033223 -80.7294661
653847467 35.3083805 -80.7201037
3729890221 35.3011918 -80.7356643
1805364143 35.3036627 -80.7290493
653847475 35.3085644 -80.7197228
3729890233 35.3131588 -80.7240672
653810618 35.311483 -80.7409142
653847483 35.3087789 -80.7192615
653810622 35.3110484 -80.7413538
653810625 35.310995 -80.7414077
653847492 35.3088971 -80.7189664
172192246 35.309014 -80.748303
3627440205 35.3028812 -80.7304083
4614310481 35.3097169 -80.7165439
653847511 35.3091641 -80.7182047
3729890264 35.315466 -80.7234807
653847517 35.3093349 -80.7177165
653847524 35.3095143 -80.7171693
482708457 35.3125602 -80.7430697
482708458 35.3126297 -80.7429947
2147643873 35.3115611 -80.7477297
4493122549 35.3079661 -80.7371015
4493122550 35.3079914 -80.7374282
4493122551 35.3079838 -80.7376196
1825881080 35.3050021 -80.7370539
4493122553 35.3078201 -80.7380684
1863560186 35.3080974 -80.7328297
4493122555 35.3074824 -80.7384933
1710226428 35.292956 -80.7531818
1863556093 35.3080923 -80.7321648
1710226430 35.2930335 -80.7392868
1863556095 35.3080966 -80.7327282
1710226434 35.293029 -80.753239
1710226435 35.2930745 -80.7533079
1710226437 35.29312 -80.7534443
2147643905 35.3125517 -80.748392
3627440207 35.3030026 -80.7296261
1807875086 35.3080869 -80.731011
482708499 35.3102041 -80.7361125
482708500 35.3120836 -80.7420245
653810709 35.3117 -80.7406714
482708503 35.3121541 -80.7425525
482708505 35.3118017 -80.7423242
482708506 35.3128789 -80.7411574
482708508 35.3117552 -80.7421193
482708509 35.3117682 -80.7422633
1825881122 35.3059773 -80.7370352
172668763 35.304218 -80.737117
5538536485 35.3108012 -80.7545359
172668846 35.3117592 -80.7312431
482708521 35.3079383 -80.7365466
1833752479 35.3118351 -80.731181
482708523 35.3076199 -80.7401187
482708524 35.3078264 -80.7403432
482708525 35.3081326 -80.74051
482708526 35.3084593 -80.7405394
482708527 35.3086764 -80.7405315
482708528 35.3123886 -80.7404536
482708529 35.3122765 -80.7403506
482708530 35.3121084 -80.7402476
482708531 35.3119877 -80.7402833
482708532 35.3118353 -80.7405137
482708533 35.3115481 -80.7408484
482708534 35.3108267 -80.741578
482708535 35.3106656 -80.7416981
482708536 35.3104345 -80.7418011
482708538 35.3101963 -80.7418526
172668767 35.305038 -80.737053
482708540 35.3099792 -80.7418183
482708542 35.3098041 -80.7417582
482708544 35.309615 -80.7416295
482708546 35.3094049 -80.7413806
482708547 35.3091877 -80.741063
482708549 35.3090897 -80.7408055
3627440209 35.3029793 -80.7301511
1833752417 35.3034422 -80.7379154
482708552 35.3090547 -80.7401532
2147643916 35.3127646 -80.7487102
482708555 35.3091877 -80.7397927
482708557 35.3094781 -80.739392
482708559 35.309607 -80.7393038
482708561 35.3097088 -80.7392685
172263267 35.30627 -80.724425
482708566 35.3089216 -80.7406682
1833752420 35.3038453 -80.737375
4614310452 35.3068218 -80.7389827
3702167398 35.3132236 -80.7438132
1833752423 35.3042182 -80.7371934
172148648 35.296079 -80.74544
172131467 35.2958173 -80.7454414
4510506104 35.3037443 -80.7271041
2147643924 35.3129271 -80.7432051
729715165 35.3105093 -80.7417678
172627135 35.298021 -80.739347
172358780 35.2944742 -80.7552176
172263274 35.306737 -80.724583
172358784 35.2970335 -80.7545181
5538245761 35.3107059 -80.7484875
172358786 35.2982221 -80.7541605
172358788 35.2986375 -80.7540156
172358789 35.299262 -80.7537194
172358793 35.2996318 -80.7535506
172358799 35.3000017 -80.7533505
1833752489 35.3120121 -80.735014
172358802 35.3001954 -80.7532401
172263278 35.306879 -80.724615
172192281 35.307695 -80.750082
172358808 35.3004025 -80.7531049
172358811 35.3016973 -80.7522628
1710226629 35.2934646 -80.740024
172358816 35.3032448 -80.7512391
172668784 35.3068098 -80.7365248
6052092312 35.3013115 -80.7370102
172358821 35.3099077 -80.7458033
172358822 35.3100916 -80.7456132
172263281 35.307182 -80.724662
172358825 35.3119738 -80.7436613
6009730142 35.2990152 -80.7370931
172358828 35.3127082 -80.742915
172358830 35.3140521 -80.742957
172358831 35.3145437 -80.7410288
172358834 35.3152172 -80.740632
1833752435 35.3065551 -80.7367729
172358840 35.3171316 -80.7383992
1833752436 35.3065926 -80.7367485
172358843 35.318076 -80.7374075
172358846 35.3184062 -80.7370675
6052092313 35.3012341 -80.7368279
172358849 35.320607 -80.7347568
172148598 35.2968505 -80.7443772
1808960710 35.308095 -80.7325125
1808960711 35.3080954 -80.7325713
1808960712 35.3080995 -80.7330958
172668791 35.3075872 -80.7364515
1710226637 35.2936983 -80.7405199
1833752440 35.3069431 -80.7365326
172148601 35.2969035 -80.7444872
2147643940 35.3130685 -80.7489416
172668852 35.3117462 -80.7310031
1833752442 35.3073018 -80.7365192
172148603 35.2969405 -80.7446062
653847078 35.2953965 -80.7444449
172263292 35.307815 -80.724564
1710228008 35.3025137 -80.7521603
172148606 35.2969525 -80.7446672
1710228010 35.302476 -80.7489552
172263296 35.308156 -80.724371
172192299 35.307844 -80.750624
5727976708 35.3038517 -80.7322956
172148609 35.296961 -80.744899
172668802 35.309547 -80.736429
1805458707 35.3028784 -80.7301543
172668796 35.309056 -80.736468
2147643950 35.3131997 -80.7525171
172668854 35.3116673 -80.7307304
172668804 35.309846 -80.736307
2147643951 35.3132024 -80.7490741
172263301 35.308549 -80.72398
1873575203 35.3080372 -80.7364575
3627440080 35.3024684 -80.7318829
172668806 35.310041 -80.73621
1873575206 35.3080352 -80.7365534
4614310449 35.3066911 -80.7387792
1710226729 35.29396 -80.7409081
172148615 35.296922 -80.745075
4614310450 35.3067218 -80.7388499
172263304 35.308764 -80.723773
4614310451 35.3067622 -80.7389253
5423858449 35.3030961 -80.732226
1710226742 35.294093 -80.7409676
172668809 35.3103663 -80.7359981
653847092 35.2952003 -80.7448711
172148618 35.2969 -80.74513
5189279038 35.2940607 -80.7553217
3702846005 35.3090038 -80.7403669
5649274509 35.3123435 -80.7534394
172263307 35.308874 -80.723685
653847876 35.295353 -80.7446541
5583420741 35.3025625 -80.7488787
5189279046 35.2953401 -80.7551921
5189279047 35.295388 -80.7551799
653847880 35.2953604 -80.7449182
172148620 35.296846 -80.745232
5583420746 35.3022522 -80.7493615
3702846007 35.3088785 -80.7406426
5583420748 35.3022456 -80.7494078
5583420749 35.3022155 -80.749387
5583420750 35.302174 -80.7493273
172148621 35.296777 -80.745324
3702846008 35.309077 -80.7400926
5583420754 35.3073617 -80.7473257
172668856 35.3115758 -80.7305003
5189279060 35.2953326 -80.7551527
172263310 35.308969 -80.723624
5583420758 35.3074296 -80.7468241
4614310457 35.3110878 -80.7196018
1825447256 35.3063784 -80.7368602
5583420761 35.3076025 -80.7462904
5583420762 35.3075806 -80.7461053
172668815 35.3111687 -80.7359311
5583420764 35.3076594 -80.7462126
1710226781 35.2941231 -80.7411926
5583420766 35.3074317 -80.7470655
172148624 35.296693 -80.745403
4614310459 35.3121711 -80.7201638
172263313 35.30901 -80.723597
6009730148 35.2993337 -80.7373171
4059852139 35.2945329 -80.7415435
172668818 35.311471 -80.7358601
4614310461 35.3130581 -80.7207295
172148627 35.296648 -80.745436
4059852151 35.2983677 -80.7403362
4059852152 35.2984016 -80.7401283
4565612436 35.3024893 -80.7368796
4059852154 35.2984246 -80.7400318
4059852155 35.2984531 -80.7399486
4059852156 35.2984903 -80.7398507
4059852157 35.298528 -80.7397584
1833752470 35.3113856 -80.7301009
4614310465 35.3153905 -80.7233734
172668823 35.3117792 -80.7355801
2147643970 35.3134513 -80.7493792
172263320 35.309308 -80.723489
172668761 35.3041141 -80.7371538
172148633 35.296504 -80.745505
4614310468 35.3157729 -80.724184
5616811419 35.3167382 -80.7257071
172263322 35.309502 -80.723464
2147643973 35.3134621 -80.7525109
172668827 35.3119342 -80.7350351
4614310470 35.3154539 -80.7236766
172668828 35.3118972 -80.7347051
4614310471 35.3151914 -80.7233327
172668829 35.311832 -80.734069
2147643976 35.3135797 -80.7425111
172148639 35.296359 -80.745523
4614310474 35.3132724 -80.7210771
5785755071 35.294731 -80.7267783
1833752480 35.3118371 -80.731222
4614310475 35.31285 -80.720748
1825881066 35.3043888 -80.7370843
1833752481 35.3118401 -80.732159
4614310476 35.3124637 -80.7205003
3627440034 35.3117522 -80.7421926
4614310477 35.3120685 -80.7202747
172668835 35.3118212 -80.7326201
3584396756 35.2935339 -80.7480469
4614310478 35.3109188 -80.7196905
3584396758 35.2935888 -80.7479204
3627440086 35.3019322 -80.7318526
1833752484 35.3118991 -80.732599
172148645 35.296215 -80.745495
4614310480 35.3089735 -80.7187684
5828404111 35.2965491 -80.7546435
3627440038 35.3120823 -80.7423124
2147643985 35.3135972 -80.7520911
1833752487 35.3119661 -80.735332
1833752488 35.3119751 -80.734684
172263337 35.310469 -80.723685
172668843 35.3117562 -80.7314821
6052092324 35.3029752 -80.7382267
172148653 35.295885 -80.745322
5727976707 35.3040751 -80.7321575
773021204 35.3138839 -80.7215009
172263342 35.311692 -80.723907
172145241 35.2952527 -80.74273
172263344 35.311785 -80.723917
172391971 35.3138176 -80.7516541
172391973 35.3139654 -80.7517085
773021222 35.3160683 -80.7247611
172668849 35.3117572 -80.7312021
653847132 35.2931253 -80.7495275
172263346 35.311992 -80.723926
172148651 35.296013 -80.745405
172263348 35.312335 -80.723917
172183102 35.297754 -80.736239
1803480639 35.3197986 -80.7314649
172183106 35.297738 -80.736157
172141439 35.2967221 -80.7436591
172263350 35.312428 -80.723909
172183117 35.29809 -80.7353783
653847530 35.3097332 -80.7164934
172263352 35.312573 -80.723917
172668858 35.3114298 -80.7302983
2148775532 35.2968933 -80.7419244
3627440059 35.302752 -80.7318931
1710227046 35.2944067 -80.7413831
172263356 35.312819 -80.723952
1710227057 35.2944456 -80.7465686
5806792307 35.3017595 -80.7494406
3627440062 35.3025164 -80.7322075
3627440063 35.3024847 -80.7321553
5850655490 35.2960183 -80.7410608
3627440065 35.3024661 -80.7320259
3627440066 35.3024454 -80.7323901
3627440067 35.3024729 -80.7322422
3627440068 35.3026012 -80.7323344
2148775534 35.297252 -80.7422459
1873575195 35.30794 -80.7363778
3627440070 35.3024304 -80.7326121
3627440217 35.302788 -80.7319439
1710227112 35.2946995 -80.7419705
3627440073 35.3018559 -80.7314382
2147643897 35.3123737 -80.7529759
3627440076 35.302186 -80.7316581
172199628 35.3187513 -80.7296197
3627440077 35.3022703 -80.7317958
1710227152 35.2949303 -80.7420399
172739383 35.3088707 -80.7545634
2902023892 35.312341 -80.7285435
3627440078 35.3023027 -80.7318285
1710227169 35.2950474 -80.7533054
5727984934 35.3014933 -80.7314271
1710227177 35.2951288 -80.7530473
5727984935 35.3015617 -80.7312839
1710227180 35.2951528 -80.748903
3627440082 35.3023629 -80.7319778
3627440084 35.3021338 -80.7319055
5649387259 35.3055318 -80.7536417
1710227198 35.2951758 -80.7543899
172263382 35.314355 -80.724583
5649387273 35.306638 -80.7530508
5534707467 35.2963814 -80.7413127
5649387277 35.3061538 -80.7533108
172263384 35.314583 -80.724623
1710227222 35.2952724 -80.7490643
172367642 35.3195044 -80.7521773
2147643900 35.3124716 -80.7527936
172367646 35.3199845 -80.7517351
5534707487 35.2974955 -80.7398697
5534707488 35.2962816 -80.7390615
5534707489 35.2973168 -80.7397507
5534707490 35.2971516 -80.7396407
5534707491 35.2954922 -80.7406958
1710228034 35.3026249 -80.7487942
1803349800 35.2967937 -80.7413858
3627440092 35.3013746 -80.7313468
172228408 35.308089 -80.729309
172228410 35.308085 -80.73007
172228413 35.308083 -80.7301888
172228416 35.30808 -80.73033
4363571168 35.3014488 -80.7371815
172228419 35.308083 -80.730476
172228421 35.308086 -80.73064
172228423 35.3080886 -80.7317099
172228426 35.308094 -80.732382
1803349835 35.3021611 -80.7409863
172228430 35.308101 -80.733297
172228436 35.308084 -80.733854
172228438 35.30807 -80.734118
1805458745 35.3032645 -80.729472
172228441 35.308044 -80.7343
172228444 35.307981 -80.734511
172228446 35.307971 -80.734661
172228449 35.307956 -80.735109
172228453 35.307943 -80.73586
1710227305 35.2953897 -80.7492843
172228458 35.307937 -80.736257
172228464 35.3079402 -80.7364542
6052092336 35.3024718 -80.7325397
4076783594 35.309492 -80.7447366
4854194046 35.306892 -80.7390261
4854194047 35.3069794 -80.7390741
1710227328 35.2954304 -80.7503783
1710227329 35.2954352 -80.7502375
4854194050 35.3073052 -80.7391612
1710227335 35.2954592 -80.7494896
1710227341 35.2954855 -80.7498914
5878088344 35.2948918 -80.7402794
4363571092 35.3047639 -80.7260286
5538054038 35.3129117 -80.7488168
4363571103 35.3041346 -80.7269411
1710227365 35.2955353 -80.7511542
773021608 35.3159151 -80.7244591
6052092342 35.3015154 -80.731031
5583420743 35.3023135 -80.749106
1710227372 35.2955573 -80.751877
4363571121 35.3003811 -80.7389587
1710227382 35.2955741 -80.7516629
1062485321 35.3011873 -80.7344689
3702888437 35.3062339 -80.7238717
5828705031 35.3079229 -80.7551722
5583420747 35.3022352 -80.7492898
1710227399 35.2956553 -80.7428471
6052092339 35.3019196 -80.7314504
5583420765 35.3076725 -80.746403
172739392 35.3081128 -80.7552476
4363571169 35.3017472 -80.7373393
4363571170 35.3018345 -80.7373458
4363571171 35.3023355 -80.7373514
4363571172 35.3026092 -80.7374575
4363571173 35.3027393 -80.737621
4363571174 35.3028275 -80.7378093
5583420753 35.3074164 -80.7475108
1775112168 35.3066701 -80.7383781
482714279 35.3061172 -80.7454227
2147643907 35.3126302 -80.7435079
5189279059 35.2953723 -80.7551415
5583420756 35.3073398 -80.7471192
3702888447 35.3063484 -80.723695
5583420757 35.307353 -80.7469985
